-10 -0,839071529076452
-9,9 -0,889191152625361
-9,8 -0,930426272104753
-9,7 -0,96236487983131
-9,6 -0,984687855794127
-9,5 -0,997172156196378
-9,4 -0,999693042035206
-9,3 -0,992225325452603
-9,2 -0,974843621404164
-9,1 -0,947721602131112
-9 -0,911130261884677
-8,9 -0,865435209241112
-8,8 -0,811093014061656
-8,7 -0,748646645597399
-8,6 -0,678720047320012
-8,5 -0,602011902684824
-8,4 -0,519288654116686
-8,3 -0,431376844970621
-8,2 -0,339154860983835
-8,1 -0,243544153735791
-8 -0,145500033808614
-7,9 -0,0460021256395369
-7,8 0,0539554205626498
-7,7 0,153373862037865
-7,6 0,251259842582256
-7,5 0,346635317835026
-7,4 0,43854732757439
-7,3 0,526077517381105
-7,2 0,608351314532255
-7,1 0,684546666442807
-7 0,753902254343305
-6,9 0,815725100125357
-6,8 0,869397490349825
-6,7 0,91438314823532
-6,6 0,95023259195853
-6,5 0,976587625728023
-6,4 0,993184918758193
-6,3 0,999858636383415
-6,2 0,996542097023217
-6,1 0,983268438442584
-6 0,960170286650366
-5,9 0,927478430744036
-5,8 0,885519516941319
-5,7 0,83471278483916
-5,6 0,77556587851025
-5,5 0,70866977429126
-5,4 0,634692875942634
-5,3 0,554374336179161
-5,2 0,468516671300376
-5,1 0,37797774271298
-5 0,283662185463226
-4,9 0,186512369422575
-4,8 0,0874989834394464
-4,7 -0,0123886634628914
-4,6 -0,112152526935055
-4,5 -0,21079579943078
-4,4 -0,30733286997842
-4,3 -0,400799172079975
-4,2 -0,4902608213407
-4,1 -0,574823946533269
-4 -0,653643620863612
-3,9 -0,725932304200141
-3,8 -0,790967711914417
-3,7 -0,848100031710408
-3,6 -0,896758416334147
-3,5 -0,936456687290796
-3,4 -0,966798192579461
-3,3 -0,987479769908865
-3,2 -0,998294775794753
-3,1 -0,999135150273279
-3 -0,989992496600445
-2,9 -0,97095816514959
-2,8 -0,942222340668658
-2,7 -0,904072142017061
-2,6 -0,856888753368947
-2,5 -0,801143615546934
-2,4 -0,737393715541245
-2,3 -0,666276021279824
-2,2 -0,588501117255345
-2,1 -0,504846104599857
-2 -0,416146836547142
-1,9 -0,323289566863504
-1,8 -0,227202094693086
-1,7 -0,128844494295524
-1,6 -0,0291995223012884
-1,5 0,0707372016677029
-1,4 0,169967142900241
-1,3 0,267498828624588
-1,2 0,362357754476674
-1,1 0,453596121425578
-1 0,54030230586814
-0,9 0,621609968270664
-0,799999999999999 0,696706709347166
-0,699999999999999 0,764842187284489
-0,6 0,825335614909679
-0,5 0,877582561890373
-0,399999999999999 0,921060994002886
-0,299999999999999 0,955336489125606
-0,199999999999999 0,980066577841242
-0,0999999999999996 0,995004165278026
0 1
0,100000000000001 0,995004165278026
0,200000000000001 0,980066577841241
0,300000000000001 0,955336489125606
0,4 0,921060994002885
0,5 0,877582561890373
0,600000000000001 0,825335614909677
0,700000000000001 0,764842187284488
0,800000000000001 0,696706709347165
0,9 0,621609968270664
1 0,54030230586814
1,1 0,453596121425576
1,2 0,362357754476673
1,3 0,267498828624587
1,4 0,169967142900241
1,5 0,0707372016677029
1,6 -0,0291995223012901
1,7 -0,128844494295526
1,8 -0,227202094693088
1,9 -0,323289566863504
2 -0,416146836547142
2,1 -0,504846104599859
2,2 -0,588501117255347
2,3 -0,666276021279825
2,4 -0,737393715541246
2,5 -0,801143615546934
2,6 -0,856888753368948
2,7 -0,904072142017062
2,8 -0,942222340668658
2,9 -0,970958165149591
3 -0,989992496600445
3,1 -0,999135150273279
3,2 -0,998294775794753
3,3 -0,987479769908865
3,4 -0,966798192579461
3,5 -0,936456687290796
3,6 -0,896758416334146
3,7 -0,848100031710408
3,8 -0,790967711914416
3,9 -0,72593230420014
4 -0,653643620863612
4,1 -0,574823946533268
4,2 -0,490260821340699
4,3 -0,400799172079975
4,4 -0,307332869978419
4,5 -0,21079579943078
4,6 -0,112152526935053
4,7 -0,0123886634628897
4,8 0,0874989834394473
4,9 0,186512369422576
5 0,283662185463226
5,1 0,377977742712982
5,2 0,468516671300378
5,3 0,554374336179162
5,4 0,634692875942635
5,5 0,70866977429126
5,6 0,775565878510251
5,7 0,83471278483916
5,8 0,885519516941319
5,9 0,927478430744036
6 0,960170286650366
6,1 0,983268438442585
6,2 0,996542097023217
6,3 0,999858636383415
6,4 0,993184918758192
6,5 0,976587625728023
6,6 0,950232591958529
6,7 0,91438314823532
6,8 0,869397490349825
6,9 0,815725100125356
7 0,753902254343305
7,1 0,684546666442805
7,2 0,608351314532255
7,3 0,526077517381105
7,4 0,438547327574389
7,5 0,346635317835026
7,6 0,251259842582254
7,7 0,153373862037865
7,8 0,0539554205626489
7,9 -0,0460021256395387
8 -0,145500033808614
8,1 -0,243544153735793
8,2 -0,339154860983835
8,3 -0,431376844970621
8,4 -0,519288654116687
8,5 -0,602011902684824
8,6 -0,678720047320014
8,7 -0,748646645597399
8,8 -0,811093014061656
8,9 -0,865435209241113
9 -0,911130261884677
9,1 -0,947721602131112
9,2 -0,974843621404164
9,3 -0,992225325452603
9,4 -0,999693042035206
9,5 -0,997172156196378
9,6 -0,984687855794127
9,7 -0,962364879831309
9,8 -0,930426272104753
9,9 -0,88919115262536
10 -0,839071529076452
