0 1
0,1 1,10517091807565
0,2 1,22140275816017
0,3 1,349858807576
0,4 1,49182469764127
0,5 1,64872127070013
0,6 1,82211880039051
0,7 2,01375270747048
0,8 2,22554092849247
0,9 2,45960311115695
1 2,71828182845905
1,1 3,00416602394643
1,2 3,32011692273655
1,3 3,66929666761924
1,4 4,05519996684468
1,5 4,48168907033806
1,6 4,95303242439511
1,7 5,4739473917272
1,8 6,04964746441295
1,9 6,68589444227927
2 7,38905609893065
2,1 8,16616991256765
2,2 9,02501349943412
2,3 9,97418245481472
2,4 11,0231763806416
2,5 12,1824939607035
2,6 13,4637380350017
2,7 14,8797317248728
2,8 16,4446467710971
2,9 18,1741453694431
3 20,0855369231877
3,1 22,1979512814416
3,2 24,5325301971094
3,3 27,1126389206579
3,4 29,964100047397
3,5 33,1154519586923
3,6 36,598234443678
3,7 40,4473043600674
3,8 44,7011844933008
3,9 49,4024491055302
4 54,5981500331442
4,1 60,340287597362
4,2 66,6863310409252
4,3 73,6997936995958
4,4 81,4508686649681
4,5 90,0171313005218
4,6 99,4843156419339
4,7 109,947172452124
4,8 121,510417518735
4,9 134,289779684936
5 148,413159102577
